90.000000
87.500000
85.000000
82.500000
80.000000
77.500000
75.000000
72.500000
70.000000
67.500000
65.000000
62.500000
60.000000
57.500000
55.000000
52.500000
50.000000
47.500000
45.000000
42.500000
40.000000
37.500000
35.000000
32.500000
30.000000
27.500000
25.000000
22.500000
20.000000
17.500000
15.000000
12.500000
10.000000
7.500000
5.000000
2.500000
0.000000
-2.500000
-5.000000
-7.500000
-10.000000
-12.500000
-15.000000
-17.500000
-20.000000
-22.500000
-25.000000
-27.500000
-30.000000
-32.500000
-35.000000
-37.500000
-40.000000
-42.500000
-45.000000
-47.500000
-50.000000
-52.500000
-55.000000
-57.500000
-60.000000
-62.500000
-65.000000
-67.500000
-70.000000
-72.500000
-75.000000
-77.500000
-80.000000
-82.500000
-85.000000
-87.500000
-90.000000
