0.000000
2.500000
5.000000
7.500000
10.000000
12.500000
15.000000
17.500000
20.000000
22.500000
25.000000
27.500000
30.000000
32.500000
35.000000
37.500000
40.000000
42.500000
45.000000
47.500000
50.000000
52.500000
55.000000
57.500000
60.000000
62.500000
65.000000
67.500000
70.000000
72.500000
75.000000
77.500000
80.000000
82.500000
85.000000
87.500000
90.000000
92.500000
95.000000
97.500000
100.000000
102.500000
105.000000
107.500000
110.000000
112.500000
115.000000
117.500000
120.000000
122.500000
125.000000
127.500000
130.000000
132.500000
135.000000
137.500000
140.000000
142.500000
145.000000
147.500000
150.000000
152.500000
155.000000
157.500000
160.000000
162.500000
165.000000
167.500000
170.000000
172.500000
175.000000
177.500000
180.000000
182.500000
185.000000
187.500000
190.000000
192.500000
195.000000
197.500000
200.000000
202.500000
205.000000
207.500000
210.000000
212.500000
215.000000
217.500000
220.000000
222.500000
225.000000
227.500000
230.000000
232.500000
235.000000
237.500000
240.000000
242.500000
245.000000
247.500000
250.000000
252.500000
255.000000
257.500000
260.000000
262.500000
265.000000
267.500000
270.000000
272.500000
275.000000
277.500000
280.000000
282.500000
285.000000
287.500000
290.000000
292.500000
295.000000
297.500000
300.000000
302.500000
305.000000
307.500000
310.000000
312.500000
315.000000
317.500000
320.000000
322.500000
325.000000
327.500000
330.000000
332.500000
335.000000
337.500000
340.000000
342.500000
345.000000
347.500000
350.000000
352.500000
355.000000
357.500000
